463
8379
4893
1630
64127
79577
4261
5310
2033
8493
56910
4353
5443
4137
581
136371
8301
8028
1776
4625
2099
6900
3458
207
5795
7517
65018
155
2626
7352
2200
2782
11315
114327
181
8642
154
7957
841
481
116519
673
25
201163
8313
10370
1316
2263
4163
472
1773
171023
2
5551
1493
2629
8572
51119
26511
3265
7092
8867
580
6854
675
8312
4624
4026
9821
2212
367
6790
3162
351
595
23569
11277
3586
55689
6908
2153
94
65078
2273
8490
5245
2624
4835
154881
3553
55737
2022
51738
26191
8021
2157
699
7124
10395
4683
9607
22873
9829
7097
51422
1788
83990
23451
5328
57057
8438
183
3569
11093
57465
1909
2627
6323
1482
51744
6311
4846
613
3557
4233
5740
5583
80217
4869
1050
120892
4909
5167
861
6041
25793
1278
999
116442
1814
2213
4795
1499
5468
54790
2658
8431
7157
4477
56978
102
5157
5290
865
1577
1116
4524
23301
2322
3815
1277
701
10299
6622
4091
7015
10715
125
3077
378884
11200
3981
9672
2555
1889
2261
6324
799
2784
118
1312
7253
54832
5888
6530
324
27030
1075
2120
2147
4041
672
10133
3356
5925
3845
126
79728
5071
134430
3161
6455
241
5782
4929
4601
6714
5728
4851
6583
10861
3482
25788
70
3717
10481
